Linear mixed model fit by REML 
t-tests use  Satterthwaite approximations to degrees of freedom ['lmerMod']
Formula: meanAmp_factor ~ Race.e * Gen.e * Task.e + (Race.e + Gen.e +      Task.e | Subject) + (1 | Electrode)
   Data: VT2

REML criterion at convergence: 17018.3

Scaled residuals: 
    Min      1Q  Median      3Q     Max 
-3.7622 -0.6470 -0.0084  0.5953  4.7038 

Random effects:
 Groups    Name        Variance  Std.Dev. Corr             
 Subject   (Intercept) 3.7120839 1.92668                   
           Race.e      0.0641264 0.25323  -0.08            
           Gen.e       0.0609969 0.24698  -0.15  0.22      
           Task.e      0.2103323 0.45862  -0.14  0.03 -0.10
 Electrode (Intercept) 0.0006114 0.02473                   
 Residual              0.9587349 0.97915                   
Number of obs: 5824, groups:  Subject, 52; Electrode, 7

Fixed effects:
                      Estimate Std. Error         df t value Pr(>|t|)    
(Intercept)          1.788e+00  2.677e-01  5.112e+01   6.679 1.73e-08 ***
Race.e              -2.826e-03  3.739e-02  5.100e+01  -0.076  0.94005    
Gen.e                1.237e-01  3.657e-02  5.100e+01   3.383  0.00139 ** 
Task.e              -1.038e-01  6.488e-02  5.100e+01  -1.601  0.11563    
Race.e:Gen.e        -9.515e-02  1.283e-02  5.606e+03  -7.416 1.39e-13 ***
Race.e:Task.e        2.875e-02  1.283e-02  5.606e+03   2.241  0.02506 *  
Gen.e:Task.e        -5.655e-02  1.283e-02  5.606e+03  -4.408 1.06e-05 ***
Race.e:Gen.e:Task.e -3.130e-02  1.283e-02  5.606e+03  -2.440  0.01473 *  
---
Signif. codes:  0 ‘***’ 0.001 ‘**’ 0.01 ‘*’ 0.05 ‘.’ 0.1 ‘ ’ 1

Correlation of Fixed Effects:
            (Intr) Race.e Gen.e  Task.e Rc.:G. Rc.:T. Gn.:T.
Race.e      -0.079                                          
Gen.e       -0.142  0.190                                   
Task.e      -0.134  0.031 -0.089                            
Race.e:Gen.  0.000  0.000  0.000  0.000                     
Race.e:Tsk.  0.000  0.000  0.000  0.000  0.000              
Gen.e:Task.  0.000  0.000  0.000  0.000  0.000  0.000       
Rc.:Gn.:Ts.  0.000  0.000  0.000  0.000  0.000  0.000  0.000
[1] "________________________________________________________________________________________________"
$Subject
   (Intercept)      Race.e        Gen.e      Task.e Race.e:Gen.e Race.e:Task.e Gen.e:Task.e Race.e:Gen.e:Task.e
1   0.56655840 -0.20423749  0.212714095  0.03468368  -0.09514862    0.02875368  -0.05655315         -0.03130119
2   3.30105443 -0.02372288 -0.066130643 -0.30839409  -0.09514862    0.02875368  -0.05655315         -0.03130119
3   3.31130678 -0.17919097  0.106940162  0.35739448  -0.09514862    0.02875368  -0.05655315         -0.03130119
5   1.61734384 -0.02324428  0.594305944 -0.27753757  -0.09514862    0.02875368  -0.05655315         -0.03130119
7   0.38473628 -0.02760405 -0.113779942 -0.17614871  -0.09514862    0.02875368  -0.05655315         -0.03130119
8   0.52211467 -0.30693807  0.054972411 -0.15872325  -0.09514862    0.02875368  -0.05655315         -0.03130119
9   2.55594643 -0.29409604  0.230288945 -1.92126437  -0.09514862    0.02875368  -0.05655315         -0.03130119
10  1.11825924 -0.07706339 -0.056957171 -0.14302752  -0.09514862    0.02875368  -0.05655315         -0.03130119
11 -0.04057694  0.36312247  0.523868260  0.26437381  -0.09514862    0.02875368  -0.05655315         -0.03130119
12  3.71136248  0.17847145  0.138439032  0.36502670  -0.09514862    0.02875368  -0.05655315         -0.03130119
13  4.49752993 -0.50758101 -0.332811716  0.40955323  -0.09514862    0.02875368  -0.05655315         -0.03130119
14  2.29043823 -0.45664864 -0.052170955 -0.24563505  -0.09514862    0.02875368  -0.05655315         -0.03130119
16 -1.77398437 -0.15520675  0.156485461 -0.51517105  -0.09514862    0.02875368  -0.05655315         -0.03130119
17  3.17673682  0.04987016 -0.523584132 -0.11856762  -0.09514862    0.02875368  -0.05655315         -0.03130119
20  4.45639410 -0.17540187  0.135224693  0.03935566  -0.09514862    0.02875368  -0.05655315         -0.03130119
21  0.86514182  0.11273265  0.221917858  0.14414998  -0.09514862    0.02875368  -0.05655315         -0.03130119
22  2.83113767  0.24708156  0.075910111  0.12147381  -0.09514862    0.02875368  -0.05655315         -0.03130119
23  2.22657953  0.33209769 -0.123077969  0.40532098  -0.09514862    0.02875368  -0.05655315         -0.03130119
24  1.61932736  0.09114516  0.213507638 -0.13113454  -0.09514862    0.02875368  -0.05655315         -0.03130119
25  0.37568466  0.22508611  0.283067098  0.12563301  -0.09514862    0.02875368  -0.05655315         -0.03130119
26  2.70623736  0.30707401  0.381081139 -0.48750366  -0.09514862    0.02875368  -0.05655315         -0.03130119
27  0.12185200  0.10987075  0.143108023  0.31919796  -0.09514862    0.02875368  -0.05655315         -0.03130119
28 -0.46968011 -0.05503944  0.329128231  0.45680738  -0.09514862    0.02875368  -0.05655315         -0.03130119
29  0.37348648  0.05422716 -0.022689412  0.06929063  -0.09514862    0.02875368  -0.05655315         -0.03130119
30  1.09115898 -0.08406527  0.322591032 -0.37533776  -0.09514862    0.02875368  -0.05655315         -0.03130119
31  2.98450280  0.25760370  0.079827277  0.31274123  -0.09514862    0.02875368  -0.05655315         -0.03130119
33  3.19221219  0.10682438  0.545746355 -0.06930414  -0.09514862    0.02875368  -0.05655315         -0.03130119
35  4.89244586  0.03963198  0.394621301 -0.47274980  -0.09514862    0.02875368  -0.05655315         -0.03130119
36  1.16719843  0.04627460 -0.095798246 -0.01739210  -0.09514862    0.02875368  -0.05655315         -0.03130119
37  5.09901978  0.05731760  0.323181391 -0.03923345  -0.09514862    0.02875368  -0.05655315         -0.03130119
38 -0.35229758  0.17745800  0.394011678 -0.56972176  -0.09514862    0.02875368  -0.05655315         -0.03130119
39  0.87897860  0.26602104  0.467078087  0.19539922  -0.09514862    0.02875368  -0.05655315         -0.03130119
40  3.13816752  0.06573650  0.048967388 -0.43106608  -0.09514862    0.02875368  -0.05655315         -0.03130119
41  4.28755095 -0.01566571  0.311143244 -0.19908169  -0.09514862    0.02875368  -0.05655315         -0.03130119
43 -0.40239789 -0.03053409  0.251290065 -0.34784551  -0.09514862    0.02875368  -0.05655315         -0.03130119
44  0.11799070  0.30024470  0.303856808 -0.06368776  -0.09514862    0.02875368  -0.05655315         -0.03130119
45  0.05292847  0.57636791 -0.006995396 -0.63661137  -0.09514862    0.02875368  -0.05655315         -0.03130119
47  3.11855883 -0.07241547 -0.143373611  0.15159259  -0.09514862    0.02875368  -0.05655315         -0.03130119
48  2.85187886  0.20893130  0.224728299 -1.44436661  -0.09514862    0.02875368  -0.05655315         -0.03130119
49 -0.25613031 -0.61107220  0.054045845  0.24660788  -0.09514862    0.02875368  -0.05655315         -0.03130119
51  8.27882210 -0.19346570 -0.137027344 -0.72523208  -0.09514862    0.02875368  -0.05655315         -0.03130119
52  2.86369204 -0.31057025  0.245406507  0.20036025  -0.09514862    0.02875368  -0.05655315         -0.03130119
53  1.35135702  0.30050096  0.147979275  0.14645070  -0.09514862    0.02875368  -0.05655315         -0.03130119
54  0.97689462  0.34067090 -0.171643128  0.50537820  -0.09514862    0.02875368  -0.05655315         -0.03130119
55  1.44928499 -0.22020970  0.174482353  0.16196102  -0.09514862    0.02875368  -0.05655315         -0.03130119
58 -1.16239261 -0.14254692  0.373458762 -0.02877010  -0.09514862    0.02875368  -0.05655315         -0.03130119
59  3.06245177 -0.03797293  0.229360654  0.11973776  -0.09514862    0.02875368  -0.05655315         -0.03130119
61  1.90824840 -0.16744639 -0.116446098 -0.21010970  -0.09514862    0.02875368  -0.05655315         -0.03130119
62 -0.42363321 -0.22455069  0.061846058  0.46221028  -0.09514862    0.02875368  -0.05655315         -0.03130119
63 -1.02011441 -0.06651173  0.036688316 -0.41753189  -0.09514862    0.02875368  -0.05655315         -0.03130119
65  3.05360787 -0.12835191 -0.104684414 -0.47740098  -0.09514862    0.02875368  -0.05655315         -0.03130119
66  0.41336845 -0.16995519 -0.290645307 -0.00636236  -0.09514862    0.02875368  -0.05655315         -0.03130119

$Electrode
    (Intercept)      Race.e     Gen.e     Task.e Race.e:Gen.e Race.e:Task.e Gen.e:Task.e Race.e:Gen.e:Task.e
C1     1.774621 -0.00282589 0.1237203 -0.1038502  -0.09514862    0.02875368  -0.05655315         -0.03130119
C2     1.779681 -0.00282589 0.1237203 -0.1038502  -0.09514862    0.02875368  -0.05655315         -0.03130119
CP1    1.778643 -0.00282589 0.1237203 -0.1038502  -0.09514862    0.02875368  -0.05655315         -0.03130119
CP2    1.775978 -0.00282589 0.1237203 -0.1038502  -0.09514862    0.02875368  -0.05655315         -0.03130119
CPZ    1.813603 -0.00282589 0.1237203 -0.1038502  -0.09514862    0.02875368  -0.05655315         -0.03130119
CZ     1.798927 -0.00282589 0.1237203 -0.1038502  -0.09514862    0.02875368  -0.05655315         -0.03130119
PZ     1.792170 -0.00282589 0.1237203 -0.1038502  -0.09514862    0.02875368  -0.05655315         -0.03130119

attr(,"class")
[1] "coef.mer"
