Linear mixed model fit by REML 
t-tests use  Satterthwaite approximations to degrees of freedom ['lmerMod']
Formula: meanAmp_factor ~ Race.e * Gen.e * Task.e + (Race.e + Gen.e +      Task.e | Subject) + (1 | Electrode)
   Data: VT1

REML criterion at convergence: 18179.8

Scaled residuals: 
    Min      1Q  Median      3Q     Max 
-3.6220 -0.6377 -0.0213  0.6219  3.9792 

Random effects:
 Groups    Name        Variance Std.Dev. Corr             
 Subject   (Intercept) 2.333741 1.52766                   
           Race.e      0.076589 0.27675  -0.07            
           Gen.e       0.055970 0.23658   0.27 -0.09      
           Task.e      0.086278 0.29373  -0.01  0.23 -0.16
 Electrode (Intercept) 0.001305 0.03612                   
 Residual              1.191555 1.09158                   
Number of obs: 5824, groups:  Subject, 52; Electrode, 7

Fixed effects:
                      Estimate Std. Error         df t value Pr(>|t|)    
(Intercept)         -9.819e-01  2.128e-01  5.139e+01  -4.615 2.65e-05 ***
Race.e               4.054e-02  4.096e-02  5.100e+01   0.990 0.326989    
Gen.e               -7.620e-02  3.579e-02  5.100e+01  -2.129 0.038086 *  
Task.e               1.313e-01  4.317e-02  5.100e+01   3.042 0.003708 ** 
Race.e:Gen.e         1.272e-02  1.430e-02  5.606e+03   0.889 0.374063    
Race.e:Task.e        5.166e-03  1.430e-02  5.606e+03   0.361 0.717979    
Gen.e:Task.e        -5.261e-02  1.430e-02  5.606e+03  -3.678 0.000237 ***
Race.e:Gen.e:Task.e -2.209e-02  1.430e-02  5.606e+03  -1.544 0.122604    
---
Signif. codes:  0 ‘***’ 0.001 ‘**’ 0.01 ‘*’ 0.05 ‘.’ 0.1 ‘ ’ 1

Correlation of Fixed Effects:
            (Intr) Race.e Gen.e  Task.e Rc.:G. Rc.:T. Gn.:T.
Race.e      -0.068                                          
Gen.e        0.242 -0.076                                   
Task.e      -0.005  0.205 -0.136                            
Race.e:Gen.  0.000  0.000  0.000  0.000                     
Race.e:Tsk.  0.000  0.000  0.000  0.000  0.000              
Gen.e:Task.  0.000  0.000  0.000  0.000  0.000  0.000       
Rc.:Gn.:Ts.  0.000  0.000  0.000  0.000  0.000  0.000  0.000
[1] "________________________________________________________________________________________________"
$Subject
   (Intercept)       Race.e         Gen.e      Task.e Race.e:Gen.e Race.e:Task.e Gen.e:Task.e
1  -1.39513347 -0.375581991 -0.2402271357 -0.16649186   0.01271535    0.00516618   -0.0526111
2  -2.08559791  0.154566433 -0.2590902315 -0.19084011   0.01271535    0.00516618   -0.0526111
3  -1.24607662  0.497186291  0.0243007647  0.17318271   0.01271535    0.00516618   -0.0526111
5  -0.62994193 -0.275987535  0.0641065286  0.06375212   0.01271535    0.00516618   -0.0526111
7  -1.05894855 -0.250088615  0.2211738515 -0.28607701   0.01271535    0.00516618   -0.0526111
8  -2.96054372  0.032032557 -0.2145096668  0.16886296   0.01271535    0.00516618   -0.0526111
9  -3.48616869  0.167157498 -0.8538503768  0.50949073   0.01271535    0.00516618   -0.0526111
10  1.39365668 -0.017748008  0.1438905880  0.19229253   0.01271535    0.00516618   -0.0526111
11 -0.68070192 -0.122936953 -0.1393757595  0.06864956   0.01271535    0.00516618   -0.0526111
12  3.49367425 -0.463116825 -0.0593250695  0.05332802   0.01271535    0.00516618   -0.0526111
13 -3.56950054 -0.540994789 -0.0007870976 -0.19092487   0.01271535    0.00516618   -0.0526111
14 -3.76127803  0.236903079 -0.2194858291  0.09831063   0.01271535    0.00516618   -0.0526111
16 -2.85195435 -0.005725324 -0.0497303327 -0.10472858   0.01271535    0.00516618   -0.0526111
17  0.25707136 -0.174920654  0.0481847228  0.27877505   0.01271535    0.00516618   -0.0526111
20  0.28338428 -0.050164523 -0.0686725517 -0.14420982   0.01271535    0.00516618   -0.0526111
21 -0.88160210  0.075649465 -0.1333682253  0.34851869   0.01271535    0.00516618   -0.0526111
22  0.93967828  0.054637883 -0.0518329117  0.51476239   0.01271535    0.00516618   -0.0526111
23  0.64723491  0.460229140 -0.1250907170  0.32743889   0.01271535    0.00516618   -0.0526111
24 -3.03402930  0.359182856 -0.1493260473  0.23689812   0.01271535    0.00516618   -0.0526111
25 -2.37295005 -0.028769514  0.1732568935 -0.08520710   0.01271535    0.00516618   -0.0526111
26  1.37532542 -0.165053796  0.2412214205 -0.17688196   0.01271535    0.00516618   -0.0526111
27 -3.00848217  0.318309697 -0.4304275376  0.35376294   0.01271535    0.00516618   -0.0526111
28 -1.26608554 -0.001934547  0.1914233128 -0.07924620   0.01271535    0.00516618   -0.0526111
29  0.73309078  0.123972346 -0.2910759984 -0.47735851   0.01271535    0.00516618   -0.0526111
30 -3.15891957  0.104667349  0.0105229954  0.04656744   0.01271535    0.00516618   -0.0526111
31 -0.55181484 -0.314756914  0.0573271283  0.26680627   0.01271535    0.00516618   -0.0526111
33 -0.92855075  0.317666377 -0.3103598378  0.01025519   0.01271535    0.00516618   -0.0526111
35 -1.83740016 -0.543441034 -0.6926923000 -0.04065878   0.01271535    0.00516618   -0.0526111
36 -1.06696849 -0.008457355 -0.1664384236  0.55797731   0.01271535    0.00516618   -0.0526111
37 -0.76370819  0.107748731 -0.1820085450  0.26277129   0.01271535    0.00516618   -0.0526111
38 -1.72743277  0.298410249 -0.2147313100  0.17213370   0.01271535    0.00516618   -0.0526111
39  0.09535691 -0.035557171 -0.0162689598  0.03829547   0.01271535    0.00516618   -0.0526111
40 -2.35819356  0.087440840 -0.0784929374  0.08683199   0.01271535    0.00516618   -0.0526111
41 -1.22880140 -0.375452421 -0.2898128018  0.37535253   0.01271535    0.00516618   -0.0526111
43 -1.33954262  0.236865983 -0.1329132678  0.16305117   0.01271535    0.00516618   -0.0526111
44  1.13035176  0.476915220 -0.2582673385  0.79649141   0.01271535    0.00516618   -0.0526111
45  0.29294975  0.223688920  0.0743021722  0.23170569   0.01271535    0.00516618   -0.0526111
47 -0.07420269 -0.070484171 -0.0416295303  0.28551848   0.01271535    0.00516618   -0.0526111
48 -3.70387841 -0.003574727  0.1533877225 -0.02806721   0.01271535    0.00516618   -0.0526111
49  0.08960628  0.235315335  0.0414169816  0.27418331   0.01271535    0.00516618   -0.0526111
51 -2.60673931 -0.076979735  0.0088769898  0.80399022   0.01271535    0.00516618   -0.0526111
52 -0.75961766  0.300458793  0.2543901177  0.25117418   0.01271535    0.00516618   -0.0526111
53 -2.26444256  0.159848234 -0.0872862172 -0.06143253   0.01271535    0.00516618   -0.0526111
54 -0.59416002  0.303239388 -0.0394843300  0.13874196   0.01271535    0.00516618   -0.0526111
55 -0.51510810  0.482073630 -0.1029130243  0.15067426   0.01271535    0.00516618   -0.0526111
58 -0.72392325  0.171348393  0.1150161599  0.28453087   0.01271535    0.00516618   -0.0526111
59 -0.79614463  0.060104380 -0.0562648268  0.57687678   0.01271535    0.00516618   -0.0526111
61 -0.55045426  0.125890602 -0.3459248237 -0.14651478   0.01271535    0.00516618   -0.0526111
62  0.34758214 -0.319322969  0.1736135927 -0.06177938   0.01271535    0.00516618   -0.0526111
63  0.24968603  0.270285798  0.0574870655 -0.35497598   0.01271535    0.00516618   -0.0526111
65  0.19588762 -0.107820792  0.2177276522 -0.28110636   0.01271535    0.00516618   -0.0526111
66 -0.74414072 -0.005087176  0.0673567610  0.54337792   0.01271535    0.00516618   -0.0526111
   Race.e:Gen.e:Task.e
1          -0.02208723
2          -0.02208723
3          -0.02208723
5          -0.02208723
7          -0.02208723
8          -0.02208723
9          -0.02208723
10         -0.02208723
11         -0.02208723
12         -0.02208723
13         -0.02208723
14         -0.02208723
16         -0.02208723
17         -0.02208723
20         -0.02208723
21         -0.02208723
22         -0.02208723
23         -0.02208723
24         -0.02208723
25         -0.02208723
26         -0.02208723
27         -0.02208723
28         -0.02208723
29         -0.02208723
30         -0.02208723
31         -0.02208723
33         -0.02208723
35         -0.02208723
36         -0.02208723
37         -0.02208723
38         -0.02208723
39         -0.02208723
40         -0.02208723
41         -0.02208723
43         -0.02208723
44         -0.02208723
45         -0.02208723
47         -0.02208723
48         -0.02208723
49         -0.02208723
51         -0.02208723
52         -0.02208723
53         -0.02208723
54         -0.02208723
55         -0.02208723
58         -0.02208723
59         -0.02208723
61         -0.02208723
62         -0.02208723
63         -0.02208723
65         -0.02208723
66         -0.02208723

$Electrode
    (Intercept)     Race.e      Gen.e    Task.e Race.e:Gen.e Race.e:Task.e Gen.e:Task.e Race.e:Gen.e:Task.e
CP1  -0.9638873 0.04053534 -0.0762054 0.1313237   0.01271535    0.00516618   -0.0526111         -0.02208723
CP2  -0.9428071 0.04053534 -0.0762054 0.1313237   0.01271535    0.00516618   -0.0526111         -0.02208723
CPZ  -0.9775813 0.04053534 -0.0762054 0.1313237   0.01271535    0.00516618   -0.0526111         -0.02208723
PO3  -0.9955491 0.04053534 -0.0762054 0.1313237   0.01271535    0.00516618   -0.0526111         -0.02208723
PO4  -0.9735225 0.04053534 -0.0762054 0.1313237   0.01271535    0.00516618   -0.0526111         -0.02208723
POZ  -1.0137261 0.04053534 -0.0762054 0.1313237   0.01271535    0.00516618   -0.0526111         -0.02208723
PZ   -1.0061999 0.04053534 -0.0762054 0.1313237   0.01271535    0.00516618   -0.0526111         -0.02208723

attr(,"class")
[1] "coef.mer"
