Linear mixed model fit by REML 
t-tests use  Satterthwaite approximations to degrees of freedom ['lmerMod']
Formula: meanAmp_factor ~ Race.e * Gen.e * Task.e + (Race.e + Gen.e +      Task.e | Subject) + (1 | Electrode)
   Data: VT3

REML criterion at convergence: 15820.1

Scaled residuals: 
    Min      1Q  Median      3Q     Max 
-5.1070 -0.6491  0.0217  0.6438  4.8602 

Random effects:
 Groups    Name        Variance  Std.Dev. Corr             
 Subject   (Intercept) 3.1890787 1.78580                   
           Race.e      0.0846979 0.29103  -0.13            
           Gen.e       0.0494523 0.22238  -0.10  0.04      
           Task.e      0.3674020 0.60614   0.23  0.00  0.11
 Electrode (Intercept) 0.0003963 0.01991                   
 Residual              0.7716553 0.87844                   
Number of obs: 5824, groups:  Subject, 52; Electrode, 7

Fixed effects:
                      Estimate Std. Error         df t value Pr(>|t|)    
(Intercept)          1.417e+00  2.480e-01  5.110e+01   5.712 5.76e-07 ***
Race.e              -1.867e-01  4.197e-02  5.100e+01  -4.450 4.69e-05 ***
Gen.e               -6.726e-02  3.292e-02  5.100e+01  -2.043   0.0462 *  
Task.e               1.147e-01  8.484e-02  5.100e+01   1.352   0.1824    
Race.e:Gen.e         9.903e-02  1.151e-02  5.606e+03   8.604  < 2e-16 ***
Race.e:Task.e       -6.359e-02  1.151e-02  5.606e+03  -5.524 3.46e-08 ***
Gen.e:Task.e         6.114e-03  1.151e-02  5.606e+03   0.531   0.5953    
Race.e:Gen.e:Task.e -3.242e-03  1.151e-02  5.606e+03  -0.282   0.7782    
---
Signif. codes:  0 ‘***’ 0.001 ‘**’ 0.01 ‘*’ 0.05 ‘.’ 0.1 ‘ ’ 1

Correlation of Fixed Effects:
            (Intr) Race.e Gen.e  Task.e Rc.:G. Rc.:T. Gn.:T.
Race.e      -0.129                                          
Gen.e       -0.096  0.034                                   
Task.e       0.224  0.000  0.101                            
Race.e:Gen.  0.000  0.000  0.000  0.000                     
Race.e:Tsk.  0.000  0.000  0.000  0.000  0.000              
Gen.e:Task.  0.000  0.000  0.000  0.000  0.000  0.000       
Rc.:Gn.:Ts.  0.000  0.000  0.000  0.000  0.000  0.000  0.000
[1] "________________________________________________________________________________________________"
$Subject
   (Intercept)      Race.e        Gen.e       Task.e Race.e:Gen.e Race.e:Task.e Gen.e:Task.e
1  -0.35185271 -0.42897035 -0.616699349 -0.088972399   0.09903401   -0.06358573  0.006114313
2   3.02078368  0.08851093  0.004565045 -0.494618747   0.09903401   -0.06358573  0.006114313
3  -0.16504863 -0.11143444  0.155376151  0.805968866   0.09903401   -0.06358573  0.006114313
5   2.84085164 -0.46639269  0.081448695 -0.375749138   0.09903401   -0.06358573  0.006114313
7  -1.47270861  0.19825577 -0.040548097 -0.036811128   0.09903401   -0.06358573  0.006114313
8   0.68298262 -0.08490077 -0.085718675 -0.300897287   0.09903401   -0.06358573  0.006114313
9   4.82822384 -0.05559065 -0.694675073  0.300764651   0.09903401   -0.06358573  0.006114313
10  0.99602290 -0.18782995 -0.057578444  0.274758501   0.09903401   -0.06358573  0.006114313
11  0.44247488 -0.32960996 -0.110234864  0.007523328   0.09903401   -0.06358573  0.006114313
12  6.10967703 -0.59038188 -0.185410482 -0.693721074   0.09903401   -0.06358573  0.006114313
13  1.13348595 -0.91997536  0.310778977  0.539323136   0.09903401   -0.06358573  0.006114313
14  3.47895800 -0.55431575 -0.025325203  0.980629614   0.09903401   -0.06358573  0.006114313
16  1.41727510 -0.72749896 -0.201264683 -0.488551475   0.09903401   -0.06358573  0.006114313
17 -1.49795650  0.14228991 -0.397824667 -0.605756356   0.09903401   -0.06358573  0.006114313
20  1.58984570 -0.63928488 -0.107594186  0.193361039   0.09903401   -0.06358573  0.006114313
21  3.54930699 -0.06727480 -0.104865537 -0.121142052   0.09903401   -0.06358573  0.006114313
22  1.77975324 -0.21974482 -0.260573175  0.604723634   0.09903401   -0.06358573  0.006114313
23  0.68361903 -0.17792005 -0.021140966  0.598294050   0.09903401   -0.06358573  0.006114313
24  1.81816477 -0.02717023 -0.129802477 -0.104745056   0.09903401   -0.06358573  0.006114313
25  0.77401448 -0.14111715  0.148709720  0.689557853   0.09903401   -0.06358573  0.006114313
26  1.34910945 -0.51331938  0.319603692 -0.883179634   0.09903401   -0.06358573  0.006114313
27  3.83709876  0.05717199  0.035836069  1.398070880   0.09903401   -0.06358573  0.006114313
28  0.89054848 -0.40279585 -0.031296495 -0.677169323   0.09903401   -0.06358573  0.006114313
29  0.25821395 -0.01502284 -0.032485736 -0.409244355   0.09903401   -0.06358573  0.006114313
30 -1.43163245 -0.23265790 -0.083731449 -0.415908742   0.09903401   -0.06358573  0.006114313
31  2.11300884 -0.09208768  0.032663992  1.118224873   0.09903401   -0.06358573  0.006114313
33  0.08032251  0.01284925  0.141516092 -0.287399064   0.09903401   -0.06358573  0.006114313
35  3.04929405 -0.04226252 -0.188356410 -0.035357985   0.09903401   -0.06358573  0.006114313
36  1.15068778 -0.31020540 -0.249973790  0.648945454   0.09903401   -0.06358573  0.006114313
37  2.60812536 -0.04842356 -0.264096772 -0.187137445   0.09903401   -0.06358573  0.006114313
38  2.62283338  0.33041358 -0.170390139  0.111516547   0.09903401   -0.06358573  0.006114313
39  0.67816591  0.05610254  0.087906734  0.195343800   0.09903401   -0.06358573  0.006114313
40  2.15947260 -0.56501923 -0.221087048 -1.206344596   0.09903401   -0.06358573  0.006114313
41  2.13733432 -0.11362465 -0.212201828 -0.517524586   0.09903401   -0.06358573  0.006114313
43  2.02002629 -0.35553784 -0.264616970  0.414886472   0.09903401   -0.06358573  0.006114313
44 -0.44868813  0.23056769 -0.211479644 -0.126984449   0.09903401   -0.06358573  0.006114313
45  0.59276014  0.37212935  0.215024193  0.294254693   0.09903401   -0.06358573  0.006114313
47 -1.34798122 -0.22437612  0.030297660  0.542291735   0.09903401   -0.06358573  0.006114313
48  5.55416663 -0.13483982 -0.152316450  0.471643706   0.09903401   -0.06358573  0.006114313
49  1.51271653  0.28317977 -0.053249908  0.367122177   0.09903401   -0.06358573  0.006114313
51  4.23945008 -0.63592703 -0.253753358  2.026120895   0.09903401   -0.06358573  0.006114313
52  1.39010237 -0.19033298  0.282851961  0.483503305   0.09903401   -0.06358573  0.006114313
53 -0.15712379 -0.25048908 -0.273686080 -0.474660944   0.09903401   -0.06358573  0.006114313
54  0.77965453 -0.04922890  0.054642203  0.502505026   0.09903401   -0.06358573  0.006114313
55  4.17008530  0.18303810  0.328802875  0.435602681   0.09903401   -0.06358573  0.006114313
58  1.14853064 -0.26454869  0.278405985  0.128789716   0.09903401   -0.06358573  0.006114313
59  0.32449706 -0.23626589 -0.192130516  0.670412633   0.09903401   -0.06358573  0.006114313
61  0.64702913 -0.08442611  0.024778943 -0.146784193   0.09903401   -0.06358573  0.006114313
62  1.68993515 -0.42934908 -0.033943038  0.237840810   0.09903401   -0.06358573  0.006114313
63 -0.23033739 -0.08260533 -0.006169784 -0.368304673   0.09903401   -0.06358573  0.006114313
65 -1.99263446 -0.18756520 -0.063480530 -0.496831949   0.09903401   -0.06358573  0.006114313
66  0.61111628 -0.47496132 -0.033238345  0.466186412   0.09903401   -0.06358573  0.006114313
   Race.e:Gen.e:Task.e
1         -0.003242127
2         -0.003242127
3         -0.003242127
5         -0.003242127
7         -0.003242127
8         -0.003242127
9         -0.003242127
10        -0.003242127
11        -0.003242127
12        -0.003242127
13        -0.003242127
14        -0.003242127
16        -0.003242127
17        -0.003242127
20        -0.003242127
21        -0.003242127
22        -0.003242127
23        -0.003242127
24        -0.003242127
25        -0.003242127
26        -0.003242127
27        -0.003242127
28        -0.003242127
29        -0.003242127
30        -0.003242127
31        -0.003242127
33        -0.003242127
35        -0.003242127
36        -0.003242127
37        -0.003242127
38        -0.003242127
39        -0.003242127
40        -0.003242127
41        -0.003242127
43        -0.003242127
44        -0.003242127
45        -0.003242127
47        -0.003242127
48        -0.003242127
49        -0.003242127
51        -0.003242127
52        -0.003242127
53        -0.003242127
54        -0.003242127
55        -0.003242127
58        -0.003242127
59        -0.003242127
61        -0.003242127
62        -0.003242127
63        -0.003242127
65        -0.003242127
66        -0.003242127

$Electrode
    (Intercept)     Race.e       Gen.e    Task.e Race.e:Gen.e Race.e:Task.e Gen.e:Task.e Race.e:Gen.e:Task.e
C1     1.407050 -0.1867457 -0.06726406 0.1146994   0.09903401   -0.06358573  0.006114313        -0.003242127
C2     1.421435 -0.1867457 -0.06726406 0.1146994   0.09903401   -0.06358573  0.006114313        -0.003242127
CP1    1.412006 -0.1867457 -0.06726406 0.1146994   0.09903401   -0.06358573  0.006114313        -0.003242127
CP2    1.407071 -0.1867457 -0.06726406 0.1146994   0.09903401   -0.06358573  0.006114313        -0.003242127
CPZ    1.434334 -0.1867457 -0.06726406 0.1146994   0.09903401   -0.06358573  0.006114313        -0.003242127
CZ     1.426417 -0.1867457 -0.06726406 0.1146994   0.09903401   -0.06358573  0.006114313        -0.003242127
PZ     1.407963 -0.1867457 -0.06726406 0.1146994   0.09903401   -0.06358573  0.006114313        -0.003242127

attr(,"class")
[1] "coef.mer"
