Linear mixed model fit by REML 
t-tests use  Satterthwaite approximations to degrees of freedom ['lmerMod']
Formula: meanAmp_factor ~ Race.e + Gen.e + Fix.e + (Race.e + Fix.e + Gen.e |      Subject) + (1 | Electrode)
   Data: filter(VT2, Task == "Gender")

REML criterion at convergence: 7123

Scaled residuals: 
    Min      1Q  Median      3Q     Max 
-4.2172 -0.6034  0.0158  0.5560  3.7759 

Random effects:
 Groups    Name        Variance  Std.Dev. Corr             
 Subject   (Intercept) 4.1721364 2.0426                    
           Race.e      0.0979382 0.3130    0.04            
           Fix.e       0.2342308 0.4840   -0.19 -0.20      
           Gen.e       0.0991270 0.3148   -0.02  0.17 -0.06
 Electrode (Intercept) 0.0007181 0.0268                    
 Residual              0.5227275 0.7230                    
Number of obs: 2912, groups:  Subject, 52; Electrode, 7

Fixed effects:
            Estimate Std. Error       df t value Pr(>|t|)    
(Intercept)  1.89151    0.28375 51.12940   6.666 1.81e-08 ***
Race.e      -0.03158    0.04542 51.00024  -0.695 0.490032    
Gen.e        0.18027    0.04567 51.00014   3.947 0.000243 ***
Fix.e       -0.32139    0.06844 51.00023  -4.696 2.04e-05 ***
---
Signif. codes:  0 ‘***’ 0.001 ‘**’ 0.01 ‘*’ 0.05 ‘.’ 0.1 ‘ ’ 1

Correlation of Fixed Effects:
       (Intr) Race.e Gen.e 
Race.e  0.039              
Gen.e  -0.018  0.155       
Fix.e  -0.191 -0.187 -0.053
[1] "________________________________________________________________________________________________"
$Subject
   (Intercept)       Race.e         Gen.e       Fix.e
1   0.52587085 -0.114848685  1.216930e-01  0.14817587
2   3.61554714 -0.140865214 -4.021488e-02  0.16680045
3   2.93400266 -0.263752181  7.909174e-02 -0.62598036
5   1.89661444 -0.053381201  5.470751e-01  0.43307237
7   0.56720043 -0.562536176  2.535863e-01 -0.32704907
8   0.68329473 -0.554120215  2.620107e-01 -0.08066439
9   4.54582610 -0.413691027  3.738299e-01 -1.61450798
10  1.26447200 -0.161107649  1.354500e-01 -0.18660716
11 -0.31704385  0.190666083  7.864592e-01 -0.77286263
12  3.32723679  0.723333677  4.014401e-01 -0.78379114
13  4.06404435 -0.752478373 -1.245955e-01  0.45347804
14  2.54068732 -0.402758150  2.127875e-01 -0.72776112
16 -1.23871393 -0.088239229  1.966428e-01 -0.43354331
17  3.29994829  0.044172979 -3.389117e-01 -0.76407147
20  4.40814461 -0.081403243  8.591823e-03 -0.95636822
21  0.71202093  0.084675777  4.721826e-02  0.04595566
22  2.70183749  0.127704093 -1.459314e-02 -0.67426107
23  1.80369605  0.282477919 -5.161984e-02  0.17691669
24  1.75252637  0.248337245  4.086727e-02 -0.79378934
25  0.24305498  0.044165315  6.245800e-02 -0.21735618
26  3.20709336  0.374934174  4.947210e-01 -0.61165686
27 -0.20959097  0.002662455  3.504778e-01 -0.96971777
28 -0.94602295 -0.206824109  4.728848e-01 -0.61633997
29  0.30116198  0.270022238  1.471279e-01 -0.41319770
30  1.47591351 -0.131984880  3.391414e-01 -0.29501221
31  2.65557765 -0.106591712 -1.505741e-01 -0.21349200
33  3.25543947  0.272727322  7.663728e-01 -0.36473087
35  5.37199239 -0.086806250  2.241219e-01  0.22400987
36  1.18380933 -0.249844314 -2.352251e-01 -0.12845497
37  5.12945878 -0.121268177  3.139218e-01 -0.15542009
38  0.23744911  0.213191061  8.040138e-01 -0.60991586
39  0.67115298 -0.060062114  6.387790e-01  0.09471166
40  3.58053981 -0.191276872  4.310218e-01 -0.32507535
41  4.48662556  0.306479067  4.969675e-01 -1.09486767
43 -0.04328982  0.091682312  2.222741e-01 -0.24557649
44  0.18137945  0.450525799  4.525249e-01  0.28686598
45  0.71504164  0.426242589 -2.054931e-01  0.31623627
47  2.95727639  0.081131124 -7.263258e-05 -0.45707746
48  4.34674931  0.203254096  1.981296e-01 -0.58961855
49 -0.51775665 -0.600267274  1.633908e-01  0.82759511
51  9.01962819  0.008385988  1.991597e-01 -0.37740363
52  2.64624598 -0.238903523  3.336350e-01  0.46452483
53  1.19793177  0.390447994  3.742785e-01 -0.73684986
54  0.45346190  0.387164021 -9.738840e-02 -0.40440113
55  1.27581059 -0.336290210  1.049159e-02 -0.05571802
58 -1.13563966 -0.109734617  4.625268e-01  0.07990038
59  2.93166134 -0.209755173  5.458893e-01 -0.55902038
61  2.12316768 -0.001006691 -9.926089e-02 -0.21022007
62 -0.90527459 -0.252098640 -2.244705e-01 -0.03047258
63 -0.58642604 -0.154621043 -1.067465e-01 -0.14698243
65  3.54559803  0.165679822 -3.995882e-01 -0.70426329
66  0.42211916 -0.385683789 -5.080807e-01 -1.15636779

$Electrode
    (Intercept)      Race.e     Gen.e      Fix.e
C1     1.877038 -0.03157957 0.1802734 -0.3213889
C2     1.882654 -0.03157957 0.1802734 -0.3213889
CP1    1.881502 -0.03157957 0.1802734 -0.3213889
CP2    1.878544 -0.03157957 0.1802734 -0.3213889
CPZ    1.920305 -0.03157957 0.1802734 -0.3213889
CZ     1.904016 -0.03157957 0.1802734 -0.3213889
PZ     1.896516 -0.03157957 0.1802734 -0.3213889

attr(,"class")
[1] "coef.mer"
