Linear mixed model fit by REML 
t-tests use  Satterthwaite approximations to degrees of freedom ['lmerMod']
Formula: meanAmp_factor ~ Race.e + Gen.e + Fix.e + (Race.e + Fix.e + Gen.e |      Subject) + (1 | Electrode)
   Data: filter(VT1, Task == "Gender")

REML criterion at convergence: 7589

Scaled residuals: 
    Min      1Q  Median      3Q     Max 
-2.7545 -0.6330 -0.0037  0.5911  3.7226 

Random effects:
 Groups    Name        Variance Std.Dev. Corr             
 Subject   (Intercept) 2.434926 1.56042                   
           Race.e      0.126151 0.35518   0.08            
           Fix.e       0.307410 0.55445   0.22 -0.09      
           Gen.e       0.130612 0.36140   0.26 -0.21 -0.03
 Electrode (Intercept) 0.002031 0.04506                   
 Residual              0.618659 0.78655                   
Number of obs: 2912, groups:  Subject, 52; Electrode, 7

Fixed effects:
            Estimate Std. Error       df t value Pr(>|t|)    
(Intercept) -1.11322    0.21755 51.58001  -5.117 4.64e-06 ***
Race.e       0.03537    0.05137 50.99994   0.689    0.494    
Gen.e       -0.02359    0.05219 50.99984  -0.452    0.653    
Fix.e        0.38885    0.07826 50.99980   4.969 7.97e-06 ***
---
Signif. codes:  0 ‘***’ 0.001 ‘**’ 0.01 ‘*’ 0.05 ‘.’ 0.1 ‘ ’ 1

Correlation of Fixed Effects:
       (Intr) Race.e Gen.e 
Race.e  0.081              
Gen.e   0.245 -0.190       
Fix.e   0.213 -0.087 -0.029
[1] "________________________________________________________________________________________________"
$Subject
   (Intercept)       Race.e        Gen.e       Fix.e
1  -1.19973877 -0.023206961 -0.219820891  0.59970612
2  -1.84594464 -0.021839988 -0.206278751  0.39246689
3  -1.41260563  0.246676935  0.030268033  0.22834888
5  -0.69975196 -0.612008965  0.383718244  0.32873452
7  -0.73479174 -0.180253766  0.838966656  0.09071041
8  -3.13169214 -0.138231409  0.149179199  0.26557568
9  -4.02122918  0.081508567 -0.719390155  0.34397731
10  1.19019965  0.014608481  0.511622472  0.43481757
11 -0.74511668 -0.009792038 -0.028806865  0.21530877
12  3.44368863 -0.135581562  0.145143935  1.99429717
13 -3.36299435 -0.905432821  0.152087957  0.57837194
14 -3.84690897  0.047074668 -0.282778027  0.80470309
16 -2.71720823 -0.064724466 -0.019902305  1.54530744
17 -0.05294052 -0.432048471 -0.018589674  0.28125677
20  0.45775589  0.147095411 -0.250381115 -0.19852162
21 -1.25809810  0.112577033 -0.318618594 -0.02454369
22  0.37545743 -0.075120460 -0.013169769  0.05121975
23  0.31361087  0.964741981 -0.282092074  0.44456516
24 -3.27441565  0.699193443 -0.215732010 -0.22411876
25 -2.27162744 -0.243150379  0.049043149  0.60099002
26  1.58183227  0.329881742  0.552095108  0.40858331
27 -3.37600662  0.534675150 -0.818251478  0.17537653
28 -1.17100056 -0.185954555  0.481140429 -0.50350272
29  1.30030709  0.295990806 -0.208683998  0.46765751
30 -3.19677775  0.109883572 -0.142890347  0.70577878
31 -0.85426325 -0.189222199 -0.222362602  0.32330800
33 -0.91250306  0.327027585 -0.453738483 -0.85026700
35 -1.78345777 -0.220860487 -0.996054058 -0.10607870
36 -1.68108286 -0.161740657 -0.152342071  0.13114374
37 -1.03597451  0.097454301  0.061529933  0.56727158
38 -1.89368395  0.461829816 -0.028125280 -0.42094825
39  0.06303189 -0.274998648  0.122090774 -0.24113370
40 -2.44061244 -0.052120201 -0.375657957  0.69190927
41 -1.64257038 -0.330377458 -0.373001247  1.37843857
43 -1.49572895  0.648728149  0.385440402 -0.23746544
44  0.27163545  0.486886636 -0.416273420  0.89742992
45  0.05388531  0.266667818  0.122203044  0.79490738
47 -0.38181366 -0.063579597  0.366965360  0.23113690
48 -3.66788507 -0.326743014  0.290194320 -0.06559131
49 -0.19827867 -0.201567176 -0.047220646  1.02143873
51 -3.50321526  0.138437800  0.347815403  0.20312731
52 -1.02494210  0.410119618  0.295656124  0.36193181
53 -2.17815151  0.177858786 -0.205552034 -0.26391186
54 -0.72175120  0.296951307  0.006585298  1.24723287
55 -0.64713826  0.246179290  0.277914271  1.05458897
58 -1.02973741  0.148987784  0.009269435  0.27634285
59 -1.43227536 -0.373222620  0.318214690 -0.39307620
61 -0.35551928 -0.057819302 -0.113250979  0.78867318
62  0.41521849 -0.382887154  0.326317314  0.17096919
63  0.67215231  0.347793732 -0.217076716  0.60684606
65  0.51977722  0.146153360  0.032002113  1.08620484
66 -1.34655271 -0.283302858 -0.136325271  0.95873155

$Electrode
    (Intercept)     Race.e       Gen.e     Fix.e
CP1   -1.088496 0.03536916 -0.02359429 0.3888505
CP2   -1.059555 0.03536916 -0.02359429 0.3888505
CPZ   -1.107296 0.03536916 -0.02359429 0.3888505
PO3   -1.131964 0.03536916 -0.02359429 0.3888505
PO4   -1.101724 0.03536916 -0.02359429 0.3888505
POZ   -1.156919 0.03536916 -0.02359429 0.3888505
PZ    -1.146586 0.03536916 -0.02359429 0.3888505

attr(,"class")
[1] "coef.mer"
