Linear mixed model fit by REML 
t-tests use  Satterthwaite approximations to degrees of freedom ['lmerMod']
Formula: meanAmp_factor ~ Race.e + Gen.e + Fix.e + (Race.e + Fix.e + Gen.e |      Subject) + (1 | Electrode)
   Data: filter(VT3, Task == "Gender")

REML criterion at convergence: 7288.2

Scaled residuals: 
    Min      1Q  Median      3Q     Max 
-3.2374 -0.5301 -0.0532  0.5740  4.2535 

Random effects:
 Groups    Name        Variance Std.Dev. Corr             
 Subject   (Intercept) 3.06899  1.7519                    
           Race.e      0.09262  0.3043   -0.11            
           Fix.e       0.14579  0.3818   -0.13 -0.12      
           Gen.e       0.10665  0.3266   -0.10 -0.10  0.10
 Electrode (Intercept) 0.00000  0.0000                    
 Residual              0.56351  0.7507                    
Number of obs: 2912, groups:  Subject, 52; Electrode, 7

Fixed effects:
            Estimate Std. Error       df t value Pr(>|t|)    
(Intercept)  1.30191    0.24334 51.00449   5.350 2.09e-06 ***
Race.e      -0.12316    0.04444 51.00025  -2.772  0.00777 ** 
Gen.e       -0.07338    0.04738 51.00021  -1.549  0.12760    
Fix.e       -0.02832    0.05475 51.00023  -0.517  0.60719    
---
Signif. codes:  0 ‘***’ 0.001 ‘**’ 0.01 ‘*’ 0.05 ‘.’ 0.1 ‘ ’ 1

Correlation of Fixed Effects:
       (Intr) Race.e Gen.e 
Race.e -0.100              
Gen.e  -0.093 -0.089       
Fix.e  -0.127 -0.115  0.089
convergence code: 0
singular fit

[1] "________________________________________________________________________________________________"
$Subject
   (Intercept)      Race.e        Gen.e       Fix.e
1  -0.26371494 -0.53583242 -0.556688657 -0.29528275
2   3.52796909 -0.39161697  0.394520689  0.42115116
3  -0.98291304 -0.24510367 -0.089873734  0.41603664
5   3.22861013 -0.46353594 -0.046092957 -0.36460087
7  -1.43369808  0.03345195  0.109646460 -0.25429325
8   0.99127612 -0.24322477 -0.024973897  0.03565343
9   4.52203234  0.36460287 -1.078825102 -0.49488737
10  0.71685692  0.12892422 -0.119863195  0.31006490
11  0.43761552 -0.30976763 -0.468928763 -0.46473759
12  6.81925011 -0.41405754 -0.567727068  0.48710187
13  0.58727136 -0.18518912  0.137141372  0.02917473
14  2.48451580 -0.73232636 -0.132670791  0.04528710
16  1.91385657 -0.32448034  0.344736870 -0.07812900
17 -0.88482706  0.41094569 -0.535249185  0.58569867
20  1.39475840 -0.47431998 -0.155370526 -0.17135141
21  3.67591243 -0.11937310 -0.062194537  0.03257732
22  1.16574033 -0.32936562 -0.089442573 -0.43041410
23  0.07474320  0.10065330 -0.047263812  0.48200382
24  1.92697946  0.09646355 -0.110369869 -0.22283078
25  0.07519029 -0.16270018 -0.035631260  0.23746435
26  2.25295641 -0.53753232  0.298994925  0.31158540
27  2.41996738  0.12225188 -0.079107256 -0.91053872
28  1.58257177 -0.53515473  0.143418799 -0.15367376
29  0.67741703  0.07093269  0.220801986 -0.59464109
30 -1.00713382 -0.26153055 -0.179603966 -0.18374935
31  0.97779321  0.09572876 -0.061823596 -0.18512607
33  0.37575141  0.29134895  0.138624042 -0.17269770
35  3.08827105  0.20469910 -0.212930188 -0.58262453
36  0.48979940 -0.12639220 -0.165159725 -0.01702850
37  2.79899724  0.10347295 -0.115002524  0.22229360
38  2.51157978  0.49655611 -0.012984399 -0.31127208
39  0.48224228 -0.22515277  0.319818903  0.17449108
40  3.38963466 -0.56523433 -0.270397470 -0.14438434
41  2.66690559 -0.12914511 -0.281707484 -0.39414824
43  1.59744851 -0.23331642  0.278855293 -0.11879320
44 -0.31992483  0.22602418 -0.172868994  0.28061081
45  0.29799764  0.10568817  0.204751672 -0.01765788
47 -1.89931778 -0.14426006  0.263319678 -0.12293348
48  5.07811624  0.06687250 -0.316847428 -0.18668552
49  1.14097090  0.48196239  0.296770958 -0.31652473
51  2.17709667 -0.37537580 -0.100410259  0.17351371
52  0.90168666 -0.23297427  0.255536120  0.51598717
53  0.32711916 -0.24230791 -0.599232910 -0.33045296
54  0.26966088  0.12874892 -0.238014781  0.53127408
55  3.73428695 -0.04413443  0.482284121 -0.16282874
58  1.02177660 -0.22150892  0.322200489  0.05266840
59 -0.35732089 -0.26296018  0.002596022 -0.29384047
61  0.79917721 -0.27455712  0.257680050 -0.04627085
62  1.45092997 -0.31141276 -0.358988347 -0.18739429
63  0.14508123  0.08401388 -0.117720048  0.52002192
65 -1.48564022  0.09169039 -0.718753991 -0.20886433
66  0.13606840 -0.45550710 -0.164654630  1.08136927

$Electrode
    (Intercept)   Race.e       Gen.e       Fix.e
C1     1.301911 -0.12316 -0.07337837 -0.02831978
C2     1.301911 -0.12316 -0.07337837 -0.02831978
CP1    1.301911 -0.12316 -0.07337837 -0.02831978
CP2    1.301911 -0.12316 -0.07337837 -0.02831978
CPZ    1.301911 -0.12316 -0.07337837 -0.02831978
CZ     1.301911 -0.12316 -0.07337837 -0.02831978
PZ     1.301911 -0.12316 -0.07337837 -0.02831978

attr(,"class")
[1] "coef.mer"
