Linear mixed model fit by REML 
t-tests use  Satterthwaite approximations to degrees of freedom ['lmerMod']
Formula: meanAmp_factor ~ Race.e + Gen.e + Fix.e + (Race.e + Fix.e + Gen.e |      Subject) + (1 | Electrode)
   Data: filter(VT1, Task == "Race")

REML criterion at convergence: 7823.4

Scaled residuals: 
    Min      1Q  Median      3Q     Max 
-3.2692 -0.5964  0.0115  0.5828  4.3199 

Random effects:
 Groups    Name        Variance  Std.Dev. Corr             
 Subject   (Intercept) 2.4245471 1.55710                   
           Race.e      0.1518433 0.38967  -0.15            
           Fix.e       0.2538608 0.50385  -0.06 -0.07      
           Gen.e       0.1039577 0.32242   0.10  0.07  0.11
 Electrode (Intercept) 0.0004272 0.02067                   
 Residual              0.6766170 0.82257                   
Number of obs: 2912, groups:  Subject, 52; Electrode, 7

Fixed effects:
            Estimate Std. Error       df t value Pr(>|t|)    
(Intercept) -0.85057    0.21661 51.11717  -3.927 0.000259 ***
Race.e       0.04570    0.05615 51.00007   0.814 0.419446    
Gen.e       -0.12882    0.04724 51.00008  -2.727 0.008744 ** 
Fix.e        0.35263    0.07151 51.00007   4.931 9.09e-06 ***
---
Signif. codes:  0 ‘***’ 0.001 ‘**’ 0.01 ‘*’ 0.05 ‘.’ 0.1 ‘ ’ 1

Correlation of Fixed Effects:
       (Intr) Race.e Gen.e 
Race.e -0.145              
Gen.e   0.099  0.068       
Fix.e  -0.059 -0.069  0.102
[1] "________________________________________________________________________________________________"
$Subject
   (Intercept)       Race.e        Gen.e       Fix.e
1   -1.5867951 -0.760433708 -0.312169704  0.42704707
2   -2.3241404  0.359857703 -0.341627609  0.84106883
3   -1.0807644  0.800791914  0.045239942  0.08520631
5   -0.5634398  0.028851649 -0.221474057  0.07176577
7   -1.3846690 -0.345821622 -0.340034306  1.28473744
8   -2.7874590  0.186362201 -0.578861463  0.14439889
9   -2.9454101  0.230931408 -1.092327510  0.49045583
10   1.5951721 -0.063868484 -0.190092400  0.52011570
11  -0.6163295 -0.251763295 -0.265203300  0.56856855
12   3.5464443 -0.851949410 -0.301325007  1.36293360
13  -3.7784710 -0.231658412 -0.119197386  1.03445191
14  -3.6720580  0.444559504 -0.167707465  0.10110677
16  -2.9829084  0.043853805 -0.070581767  1.36819390
17   0.5618628  0.061675937  0.140737492  0.23904714
20   0.1070946 -0.224281753  0.086861260  0.17519980
21  -0.5068423  0.040610666  0.043795683  0.05027481
22   1.4993932  0.171701748 -0.076255481  0.41353116
23   0.9836787 -0.007925600  0.003761344  0.73453432
24  -2.7899271  0.049100056 -0.095249023 -0.50487503
25  -2.4771943  0.189572093  0.350705998  1.14204716
26   1.1703062 -0.666321075 -0.052612563  0.01783091
27  -2.6371377  0.125661583 -0.102696730 -0.04634426
28  -1.3658191  0.192918272 -0.041525374  0.20246480
29   0.1693403  0.002802505 -0.452784336  0.37828386
30  -3.1206643  0.102780798  0.191876114  1.36896919
31  -0.2522304 -0.475428889  0.351568762  0.11293276
33  -0.9460829  0.366256311 -0.216727900 -0.37239878
35  -1.8886166 -0.907929830 -0.519603643 -0.03387845
36  -0.4543839  0.120731927 -0.180453612 -0.45126329
37  -0.4887678  0.113643839 -0.443460687 -0.29302218
38  -1.5597720  0.159642036 -0.419659869  0.04414288
39   0.1231591  0.211779133 -0.143070716  0.11666706
40  -2.2770335  0.235369817  0.228013508  1.28114697
41  -0.8112639 -0.483759417 -0.249535868 -0.18882820
43  -1.1785640 -0.167378205 -0.663707157 -0.41621489
44   1.9895090  0.478448069 -0.124668669  0.71117537
45   0.5325877  0.195667897  0.044005891  0.19762659
47   0.2325216 -0.107411314 -0.434105581  0.51503568
48  -3.7433678  0.318984156  0.085935400  0.66281946
49   0.3751094  0.692933587  0.155398178  0.22697090
51  -1.7094797 -0.364682329 -0.277268839  0.32834927
52  -0.4943555  0.215004323  0.266976917 -0.32048233
53  -2.3517451  0.173583150  0.029046597  0.30080011
54  -0.4631298  0.332325611 -0.087022029  0.35015502
55  -0.3802630  0.751464512 -0.478610295  0.68937689
58  -0.4198508  0.207785883  0.253560229 -0.16293509
59  -0.1654031  0.470202500 -0.388416555 -0.01314448
61  -0.7424892  0.330628980 -0.633252807  0.53990063
62   0.2755471 -0.279365255  0.056929247  0.54553969
63  -0.1721232  0.263006957  0.315694447  0.05994663
65  -0.1271249 -0.349221125  0.417090981  0.59571851
66  -0.1454203  0.246188487  0.315633788  0.83965528

$Electrode
    (Intercept)     Race.e      Gen.e     Fix.e
CP1  -0.8437655 0.04570152 -0.1288165 0.3526309
CP2  -0.8357975 0.04570152 -0.1288165 0.3526309
CPZ  -0.8489416 0.04570152 -0.1288165 0.3526309
PO3  -0.8557331 0.04570152 -0.1288165 0.3526309
PO4  -0.8474073 0.04570152 -0.1288165 0.3526309
POZ  -0.8626037 0.04570152 -0.1288165 0.3526309
PZ   -0.8597589 0.04570152 -0.1288165 0.3526309

attr(,"class")
[1] "coef.mer"
