Linear mixed model fit by REML 
t-tests use  Satterthwaite approximations to degrees of freedom ['lmerMod']
Formula: meanAmp_factor ~ Race.e + Gen.e + Fix.e + (Race.e + Fix.e + Gen.e |      Subject) + (1 | Electrode)
   Data: filter(VT3, Task == "Race")

REML criterion at convergence: 6999.6

Scaled residuals: 
    Min      1Q  Median      3Q     Max 
-4.0654 -0.6328 -0.0040  0.6022  3.2303 

Random effects:
 Groups    Name        Variance  Std.Dev. Corr             
 Subject   (Intercept) 4.0525524 2.01310                   
           Race.e      0.1751046 0.41846  -0.14            
           Fix.e       0.1275160 0.35709  -0.15 -0.18      
           Gen.e       0.1173147 0.34251  -0.05 -0.09  0.08
 Electrode (Intercept) 0.0003479 0.01865                   
 Residual              0.4987735 0.70624                   
Number of obs: 2912, groups:  Subject, 52; Electrode, 7

Fixed effects:
            Estimate Std. Error       df t value Pr(>|t|)    
(Intercept)  1.53131    0.27956 51.06520   5.478 1.33e-06 ***
Race.e      -0.25033    0.05949 51.00001  -4.208 0.000104 ***
Gen.e       -0.06115    0.04927 51.00004  -1.241 0.220223    
Fix.e       -0.06341    0.05122 51.00012  -1.238 0.221395    
---
Signif. codes:  0 ‘***’ 0.001 ‘**’ 0.01 ‘*’ 0.05 ‘.’ 0.1 ‘ ’ 1

Correlation of Fixed Effects:
       (Intr) Race.e Gen.e 
Race.e -0.136              
Gen.e  -0.053 -0.081       
Fix.e  -0.149 -0.167  0.077
[1] "________________________________________________________________________________________________"
$Subject
   (Intercept)       Race.e        Gen.e        Fix.e
1   -0.4398412 -0.305951725 -0.729799145  0.680397902
2    2.5118615  0.588299987 -0.374015359  0.058123871
3    0.6527785  0.025374165  0.418336269 -0.094388578
5    2.4545076 -0.462386574  0.238832171 -0.224780752
7   -1.5087721  0.376208319 -0.201166160  0.168597651
8    0.3768660  0.089799820 -0.147714255 -0.369647656
9    5.1314336 -0.473530450 -0.373555086 -0.556369678
10   1.2742918 -0.523368182  0.004992769  0.020314863
11   0.4495213 -0.340365076  0.250943218  0.101546762
12   5.3960034 -0.778441586  0.221440805  0.091623985
13   1.6781866 -1.708617699  0.535716022  0.768974158
14   4.4696575 -0.367222724  0.090192501  0.006389113
16   0.9221102 -1.144236386 -0.756593977 -0.300912901
17  -2.1098182 -0.140237646 -0.291384351  0.389681798
20   1.7854291 -0.805431164 -0.057206024 -0.180290115
21   3.4212552 -0.007801354 -0.147413647 -0.282936420
22   2.3931642 -0.091578168 -0.462292428 -0.260174785
23   1.2909061 -0.476149543  0.004639808  0.011610193
24   1.7110979 -0.143041189 -0.159763182 -0.734508900
25   1.4719416 -0.123459673  0.352118392  0.088652337
26   0.4482361 -0.492028693  0.401306037 -0.188217516
27   5.2523139  0.003348437  0.140624978 -0.650775059
28   0.2003930 -0.262084358 -0.190985011  0.302668642
29  -0.1571634 -0.093187377 -0.290089436 -0.319498557
30  -1.8528376 -0.199506246  0.015612177  0.479826753
31   3.2443506 -0.296124143  0.127439655  0.550644013
33  -0.2110082 -0.271785660  0.160793562 -0.644502005
35   3.0095428 -0.292842255 -0.177227437  0.011855116
36   1.8101009 -0.498626901 -0.360870395 -0.019384192
37   2.4157789 -0.203904137 -0.432739115 -0.210603295
38   2.7328299  0.162365843 -0.351170768 -0.154107404
39   0.8742011  0.349646017 -0.136277546 -0.019998923
40   0.9310813 -0.558231710 -0.161197849  0.231441359
41   1.6087165 -0.087298213 -0.149996379  0.035138323
43   2.4413759 -0.475695371 -0.840329397 -0.372412816
44  -0.5764227  0.238630254 -0.272383225 -0.017825920
45   0.8884521  0.651752033  0.241912683 -0.141478414
47  -0.7949984 -0.308002126 -0.206918045  0.121315088
48   6.0260426 -0.340583249  0.006463215 -0.340220838
49   1.8851349  0.084572320 -0.424822829 -0.696604395
51   6.2937697 -0.912194816 -0.438959205  0.015783561
52   1.8771327 -0.156510889  0.346605278  0.041258479
53  -0.6370877 -0.240555144  0.038731158 -0.382862379
54   1.2888798 -0.239955298  0.358760649 -0.174566130
55   4.6022278  0.411408730  0.210826023  0.337817987
58   1.2761200 -0.313985803  0.271251235 -0.069473250
59   1.0055805 -0.204096219 -0.411524115  0.284979303
61   0.4973062  0.123136449 -0.203767877 -0.497883833
62   1.9296159 -0.545990359  0.302298137 -0.203899736
63  -0.6038785 -0.259024731  0.116722986 -0.148679178
65  -2.4930022 -0.465899789  0.601512736 -0.421949581
66   1.0827659 -0.511843995  0.112302886  0.583033492

$Electrode
    (Intercept)     Race.e       Gen.e      Fix.e
C1     1.523547 -0.2503314 -0.06114975 -0.0634092
C2     1.535227 -0.2503314 -0.06114975 -0.0634092
CP1    1.527571 -0.2503314 -0.06114975 -0.0634092
CP2    1.523564 -0.2503314 -0.06114975 -0.0634092
CPZ    1.545701 -0.2503314 -0.06114975 -0.0634092
CZ     1.539273 -0.2503314 -0.06114975 -0.0634092
PZ     1.524288 -0.2503314 -0.06114975 -0.0634092

attr(,"class")
[1] "coef.mer"
