Linear mixed model fit by REML 
t-tests use  Satterthwaite approximations to degrees of freedom ['lmerMod']
Formula: meanAmp_factor ~ Race.e + Gen.e + Fix.e + (Race.e + Fix.e + Gen.e |      Subject) + (1 | Electrode)
   Data: filter(VT2, Task == "Race")

REML criterion at convergence: 7508.6

Scaled residuals: 
    Min      1Q  Median      3Q     Max 
-3.8079 -0.6225  0.0346  0.5944  5.0721 

Random effects:
 Groups    Name        Variance  Std.Dev. Corr             
 Subject   (Intercept) 3.6867774 1.92010                   
           Race.e      0.1146028 0.33853  -0.16            
           Fix.e       0.1812533 0.42574  -0.13  0.28      
           Gen.e       0.1035547 0.32180  -0.20  0.10  0.05
 Electrode (Intercept) 0.0001092 0.01045                   
 Residual              0.6055383 0.77816                   
Number of obs: 2912, groups:  Subject, 52; Electrode, 7

Fixed effects:
            Estimate Std. Error       df t value Pr(>|t|)    
(Intercept)  1.68381    0.26669 51.01879   6.314 6.58e-08 ***
Race.e       0.02593    0.04911 51.00002   0.528    0.600    
Gen.e        0.06717    0.04690 51.00002   1.432    0.158    
Fix.e       -0.34945    0.06077 51.00005  -5.750 5.04e-07 ***
---
Signif. codes:  0 ‘***’ 0.001 ‘**’ 0.01 ‘*’ 0.05 ‘.’ 0.1 ‘ ’ 1

Correlation of Fixed Effects:
       (Intr) Race.e Gen.e 
Race.e -0.149              
Gen.e  -0.189  0.094       
Fix.e  -0.126  0.256  0.048
[1] "________________________________________________________________________________________________"
$Subject
    (Intercept)        Race.e        Gen.e        Fix.e
1   0.607057784 -0.3117115504  0.317033693 -0.049397610
2   2.983167603  0.1010974265 -0.110271107  0.014973400
3   3.689501437 -0.1168075294  0.148189213 -0.819508840
5   1.336233322 -0.0079665111  0.678770133  0.180534575
7   0.202645694  0.5127329661 -0.505661955 -0.515860884
8   0.360611460 -0.0724999909 -0.151250670  0.007369021
9   0.564820618 -0.1737870874  0.081251810 -0.692066448
10  0.972645569 -0.0002683617 -0.264178497 -0.772782435
11  0.240205558  0.5416628733  0.288479731 -0.798360811
12  4.098827665 -0.3639480327 -0.111402330 -1.022473567
13  4.927542009 -0.2837353987 -0.552369850  0.204458395
14  2.041399892 -0.5355261388 -0.315246185 -0.743410003
16 -2.306930683 -0.2361838418  0.111864904 -0.766067666
17  3.053611486  0.0735619954 -0.763227493 -1.045104408
20  4.505050750 -0.2888688610  0.275530439 -0.948902285
21  1.017812597  0.1427377397  0.400591061 -0.072161552
22  2.960435271  0.3819298565  0.157338432 -0.536533077
23  2.648256247  0.4115860251 -0.219547939  0.103173263
24  1.487317368 -0.0642727697  0.389734590 -0.647197404
25  0.508469586  0.4129523112  0.506750051 -0.231266505
26  2.205456901  0.2559710739  0.277222315 -0.488723878
27  0.457638199  0.2159779225 -0.060993948 -1.020665547
28  0.010489548  0.0815793549  0.210448258 -0.549375790
29  0.447716603 -0.1502238099 -0.203940553 -0.282354730
30  0.705953636 -0.0396908321  0.320492699  0.005917626
31  3.311093052  0.6424386429  0.300627557  0.139243249
33  3.129703638 -0.0617695197  0.365450706 -0.219588886
35  4.408902867  0.1519467044  0.583265387 -0.470883184
36  1.149011897  0.3521995701  0.018267547 -0.145266069
37  5.066792161  0.2203085836  0.352677329 -0.816654618
38 -0.939811395  0.1588140209 -0.004325367 -0.173736256
39  1.086867651  0.6014585247  0.318328833  0.146698944
40  2.693665459  0.3480030455 -0.342387317  0.338284522
41  4.089332609 -0.3301100677  0.151156156 -0.141801954
43 -0.760499392 -0.1578489416  0.284778818 -0.359562953
44  0.055110836  0.1641378000  0.159963812 -0.066643416
45 -0.613083702  0.7847525166  0.144468635  0.627013453
47  3.280024364 -0.2220266546 -0.298949806 -0.377885377
48  1.354511767  0.2298887192  0.233369981 -0.845612704
49  0.004961259 -0.6663264688 -0.039935736  0.151016684
51  7.534056883 -0.3991015883 -0.483021597 -0.725891972
52  3.080032576 -0.4155578149  0.184978982 -0.196388460
53  1.507242820  0.2323571982 -0.079841708 -0.461143063
54  1.500915077  0.3386591672 -0.274180034  0.425342639
55  1.622279041 -0.1264284889  0.350356349 -0.278229566
58 -1.187367198 -0.1950705275  0.307249247 -0.218018559
59  3.193510134  0.1378414203 -0.068267835  0.051395726
61  1.692789932 -0.3383701366 -0.149975354 -0.412091148
62  0.059288496 -0.2243742428  0.350584306 -0.549117600
63 -1.453611528  0.0154262324  0.161328830 -0.573712859
65  2.560839359 -0.4302598387  0.169512103 -0.989071191
66  0.405633371  0.0509583089 -0.108396286 -0.543289345

$Electrode
    (Intercept)     Race.e      Gen.e      Fix.e
C1     1.681338 0.02592779 0.06716712 -0.3494496
C2     1.682297 0.02592779 0.06716712 -0.3494496
CP1    1.682101 0.02592779 0.06716712 -0.3494496
CP2    1.681595 0.02592779 0.06716712 -0.3494496
CPZ    1.688728 0.02592779 0.06716712 -0.3494496
CZ     1.685946 0.02592779 0.06716712 -0.3494496
PZ     1.684665 0.02592779 0.06716712 -0.3494496

attr(,"class")
[1] "coef.mer"
